e: 0.11592848265850678
t: 0.1050985347717565
o: 0.08025336020803525
a: 0.07708374672334026
n: 0.07601850594759434
i: 0.07523524067131056
h: 0.07187242175179889
s: 0.0659352709575679
r: 0.05296439798230865
d: 0.037225987697513396
l: 0.035069397303478744
u: 0.027790252002548223
c: 0.02419767526865999
f: 0.024051465750420352
m: 0.02323164809457667
w: 0.022082859022693805
y: 0.018375403381617285
g: 0.017973327206458282
p: 0.016114377617411465
b: 0.014902927323425897
v: 0.010443537017116956
k: 0.004475055611834616
x: 0.001482982256430608
j: 0.0012793332845968273
q: 0.0007780435077752133
z: 0.00013576598122252046
